DATE                      R50                 R100                R200
2016-01-04                 NaN                 NaN                 NaN
2016-01-05                 NaN                 NaN                 NaN
2016-01-06                 NaN                 NaN                 NaN
2016-01-07                 NaN                 NaN                 NaN
2016-01-08                 NaN                 NaN                 NaN
2016-01-11                 NaN                 NaN                 NaN
2016-01-12                 NaN                 NaN                 NaN
2016-01-13                 NaN                 NaN                 NaN
2016-01-14                 NaN                 NaN                 NaN
2016-01-15                 NaN                 NaN                 NaN
2016-01-19                 NaN                 NaN                 NaN
2016-01-20                 NaN                 NaN                 NaN
2016-01-21                 NaN                 NaN                 NaN
2016-01-22                 NaN                 NaN                 NaN
2016-01-25                 NaN                 NaN                 NaN
2016-01-26                 NaN                 NaN                 NaN
2016-01-27                 NaN                 NaN                 NaN
2016-01-28                 NaN                 NaN                 NaN
2016-01-29                 NaN                 NaN                 NaN
2016-02-01                 NaN                 NaN                 NaN
2016-02-02                 NaN                 NaN                 NaN
2016-02-03                 NaN                 NaN                 NaN
2016-02-04                 NaN                 NaN                 NaN
2016-02-05                 NaN                 NaN                 NaN
2016-02-08                 NaN                 NaN                 NaN
2016-02-09                 NaN                 NaN                 NaN
2016-02-10                 NaN                 NaN                 NaN
2016-02-11                 NaN                 NaN                 NaN
2016-02-12                 NaN                 NaN                 NaN
2016-02-16                 NaN                 NaN                 NaN
2016-02-17                 NaN                 NaN                 NaN
2016-02-18                 NaN                 NaN                 NaN
2016-02-19                 NaN                 NaN                 NaN
2016-02-22                 NaN                 NaN                 NaN
2016-02-23                 NaN                 NaN                 NaN
2016-02-24                 NaN                 NaN                 NaN
2016-02-25                 NaN                 NaN                 NaN
2016-02-26                 NaN                 NaN                 NaN
2016-02-29                 NaN                 NaN                 NaN
2016-03-01                 NaN                 NaN                 NaN
2016-03-02                 NaN                 NaN                 NaN
2016-03-03                 NaN                 NaN                 NaN
2016-03-04                 NaN                 NaN                 NaN
2016-03-07                 NaN                 NaN                 NaN
2016-03-08                 NaN                 NaN                 NaN
2016-03-09                 NaN                 NaN                 NaN
2016-03-10                 NaN                 NaN                 NaN
2016-03-11                 NaN                 NaN                 NaN
2016-03-14                 NaN                 NaN                 NaN
2016-03-15  6.314015984535E-01                 NaN                 NaN
2016-03-16  6.481723189354E-01                 NaN                 NaN
2016-03-17  6.807963848114E-01                 NaN                 NaN
2016-03-18  7.133758068085E-01                 NaN                 NaN
2016-03-21  7.193203568459E-01                 NaN                 NaN
2016-03-22  7.242026329041E-01                 NaN                 NaN
2016-03-23  6.589775681496E-01                 NaN                 NaN
2016-03-24  6.695652008057E-01                 NaN                 NaN
2016-03-28  6.510480642319E-01                 NaN                 NaN
2016-03-29  7.174447178841E-01                 NaN                 NaN
2016-03-30  7.321100831032E-01                 NaN                 NaN
2016-03-31  7.378048896790E-01                 NaN                 NaN
2016-04-01  7.443973422050E-01                 NaN                 NaN
2016-04-04  7.385542392731E-01                 NaN                 NaN
2016-04-05  7.000600099564E-01                 NaN                 NaN
2016-04-06  7.218899726868E-01                 NaN                 NaN
2016-04-07  6.630824208260E-01                 NaN                 NaN
2016-04-08  6.662686467171E-01                 NaN                 NaN
2016-04-11  6.793802380562E-01                 NaN                 NaN
2016-04-12  7.103857398033E-01                 NaN                 NaN
2016-04-13  7.775800824165E-01                 NaN                 NaN
2016-04-14  7.675931453705E-01                 NaN                 NaN
2016-04-15  7.684148550034E-01                 NaN                 NaN
2016-04-18  7.814335823059E-01                 NaN                 NaN
2016-04-19  7.652581930161E-01                 NaN                 NaN
2016-04-20  7.584994435310E-01                 NaN                 NaN
2016-04-21  7.539542913437E-01                 NaN                 NaN
2016-04-22  7.614035010338E-01                 NaN                 NaN
2016-04-25  7.393337488174E-01                 NaN                 NaN
2016-04-26  7.380396723747E-01                 NaN                 NaN
2016-04-27  7.231934666634E-01                 NaN                 NaN
2016-04-28  6.854979395866E-01                 NaN                 NaN
2016-04-29  6.420255899429E-01                 NaN                 NaN
2016-05-02  6.558139324188E-01                 NaN                 NaN
2016-05-03  5.696864128113E-01                 NaN                 NaN
2016-05-04  5.255516767502E-01                 NaN                 NaN
2016-05-05  4.840579628944E-01                 NaN                 NaN
2016-05-06  4.823393225670E-01                 NaN                 NaN
2016-05-09  5.112782120705E-01                 NaN                 NaN
2016-05-10  5.257374048233E-01                 NaN                 NaN
2016-05-11  4.786127209663E-01                 NaN                 NaN
2016-05-12  4.338532686234E-01                 NaN                 NaN
2016-05-13  4.085400998592E-01                 NaN                 NaN
2016-05-16  4.630911052227E-01                 NaN                 NaN
2016-05-17  3.886966407299E-01                 NaN                 NaN
2016-05-18  4.094578921795E-01                 NaN                 NaN
2016-05-19  3.865207433701E-01                 NaN                 NaN
2016-05-20  4.521889388561E-01                 NaN                 NaN
2016-05-23  4.614499509335E-01                 NaN                 NaN
2016-05-24  5.482758879662E-01                 NaN                 NaN
2016-05-25  5.534482598305E-01  6.576763391495E-01                 NaN
2016-05-26  5.445146560669E-01  6.449664235115E-01                 NaN
2016-05-27  5.784032344818E-01  6.626905202866E-01                 NaN
2016-05-31  5.849598050117E-01  6.776099801064E-01                 NaN
2016-06-01  6.096441149712E-01  6.981132030487E-01                 NaN
2016-06-02  6.189111471176E-01  7.109677195549E-01                 NaN
2016-06-03  5.977077484131E-01  6.948717832565E-01                 NaN
2016-06-06  6.359473466873E-01  7.202039361000E-01                 NaN
2016-06-07  6.321510076523E-01  6.987341642380E-01                 NaN
2016-06-08  6.487414240837E-01  7.135646939278E-01                 NaN
2016-06-09  6.060606241226E-01  6.867924332619E-01                 NaN
2016-06-10  5.408805012703E-01  6.380175948143E-01                 NaN
2016-06-13  5.014293789864E-01  6.117353439331E-01                 NaN
2016-06-14  4.694111049175E-01  5.890750885010E-01                 NaN
2016-06-15  4.614506065845E-01  5.929586291313E-01                 NaN
2016-06-16  4.520547986031E-01  5.776818990707E-01                 NaN
2016-06-17  4.429223835468E-01  5.472972989082E-01                 NaN
2016-06-20  4.977169036865E-01  6.013472080231E-01                 NaN
2016-06-21  4.697488546371E-01  5.827733874321E-01                 NaN
2016-06-22  4.628995358944E-01  5.755176544189E-01                 NaN
2016-06-23  5.559360980988E-01  6.281192898750E-01                 NaN
2016-06-24  3.639475107193E-01  4.987893402576E-01                 NaN
2016-06-27  2.535531520844E-01  3.796016871929E-01                 NaN
2016-06-28  3.170454502106E-01  4.382901787758E-01                 NaN
2016-06-29  3.867121040821E-01  4.942942857742E-01                 NaN
2016-06-30  4.687854647636E-01  5.329736471176E-01                 NaN
2016-07-01  4.900737404823E-01  5.473620891571E-01                 NaN
2016-07-05  4.319728016853E-01  4.898325502872E-01                 NaN
2016-07-06  4.569160938263E-01  5.182089805603E-01                 NaN
2016-07-07  4.668555259705E-01  5.166865587234E-01                 NaN
2016-07-08  5.855039358139E-01  5.895300507545E-01                 NaN
2016-07-11  6.342015862465E-01  6.189060807228E-01                 NaN
2016-07-12  6.902604699135E-01  6.613190770149E-01                 NaN
2016-07-13  6.681766510010E-01  6.411170363426E-01                 NaN
2016-07-14  6.845979690552E-01  6.528189778328E-01                 NaN
2016-07-15  6.874291896820E-01  6.619216799736E-01                 NaN
2016-07-18  6.966609954834E-01  6.605450510979E-01                 NaN
2016-07-19  6.804298758507E-01  6.477205157280E-01                 NaN
2016-07-20  6.968325972557E-01  6.585941910744E-01                 NaN
2016-07-21  6.896551847458E-01  6.540954709053E-01                 NaN
2016-07-22  6.943503022194E-01  6.521739363670E-01                 NaN
2016-07-25  6.851015686989E-01  6.500293612480E-01                 NaN
2016-07-26  6.882750988007E-01  6.487119197845E-01                 NaN
2016-07-27  6.997182965279E-01  6.678362488747E-01                 NaN
2016-07-28  6.739864945412E-01  6.557568907738E-01                 NaN
2016-07-29  6.632882952690E-01  6.530373692513E-01                 NaN
2016-08-01  6.612268090248E-01  6.489486098289E-01                 NaN
2016-08-02  6.004502177238E-01  6.100408434868E-01                 NaN
2016-08-03  6.312535405159E-01  6.312718987465E-01                 NaN
2016-08-04  6.216976046562E-01  6.257275938988E-01                 NaN
2016-08-05  6.814606785774E-01  6.658905744553E-01                 NaN
2016-08-08  6.646067500114E-01  6.517441868782E-01                 NaN
2016-08-09  6.516854166985E-01  6.536897420883E-01                 NaN
2016-08-10  6.275280714035E-01  6.329848766327E-01                 NaN
2016-08-11  6.391694545746E-01  6.424840688705E-01                 NaN
2016-08-12  6.446188092232E-01  6.425260901451E-01                 NaN
2016-08-15  6.715246438980E-01  6.616454124451E-01                 NaN
2016-08-16  6.408963799477E-01  6.456647515297E-01                 NaN
2016-08-17  6.380952596664E-01  6.325823068619E-01                 NaN
2016-08-18  6.616246700287E-01  6.558891534805E-01                 NaN
2016-08-19  6.498599648476E-01  6.432276368141E-01                 NaN
2016-08-22  6.621848940849E-01  6.512968540192E-01                 NaN
2016-08-23  6.801120638847E-01  6.612903475761E-01                 NaN
2016-08-24  6.554622054100E-01  6.440092325211E-01                 NaN
2016-08-25  6.476190686226E-01  6.488198041916E-01                 NaN
2016-08-26  6.373810768127E-01  6.382978558540E-01                 NaN
2016-08-29  6.543624401093E-01  6.451984047890E-01                 NaN
2016-08-30  6.554809808731E-01  6.513497829437E-01                 NaN
2016-08-31  6.271660327911E-01  6.404365301132E-01                 NaN
2016-09-01  6.294019222260E-01  6.374067664146E-01                 NaN
2016-09-02  6.502793431282E-01  6.580607891083E-01                 NaN
2016-09-06  6.661083102226E-01  6.764199733734E-01                 NaN
2016-09-07  6.737311482430E-01  6.847515702248E-01                 NaN
2016-09-08  6.815392971039E-01  6.900684833527E-01                 NaN
2016-09-09  5.520891547203E-01  6.252139210701E-01                 NaN
2016-09-12  5.966666936874E-01  6.611523032188E-01                 NaN
2016-09-13  5.099999904633E-01  6.094641089439E-01                 NaN
2016-09-14  4.980566203594E-01  6.131054162979E-01                 NaN
2016-09-15  5.388457179070E-01  6.284900307655E-01                 NaN
2016-09-16  5.407654047012E-01  6.306203603745E-01                 NaN
2016-09-19  5.559867024422E-01  6.450511813164E-01                 NaN
2016-09-20  5.479224324226E-01  6.401364207268E-01                 NaN
2016-09-21  5.836101770401E-01  6.554860472679E-01                 NaN
2016-09-22  6.328903436661E-01  6.930074095726E-01                 NaN
2016-09-23  6.101882457733E-01  6.719726920128E-01                 NaN
2016-09-26  5.564783811569E-01  6.475269794464E-01                 NaN
2016-09-27  5.692137479782E-01  6.522727012634E-01                 NaN
2016-09-28  5.874861478806E-01  6.556817889214E-01                 NaN
2016-09-29  5.265486836433E-01  6.136363744736E-01                 NaN
2016-09-30  5.793256163597E-01  6.499999761581E-01                 NaN
2016-10-03  5.561083555222E-01  6.384789943695E-01                 NaN
2016-10-04  5.351022481918E-01  6.262053251266E-01                 NaN
2016-10-05  5.638474225998E-01  6.358479857445E-01                 NaN
2016-10-06  5.554941892624E-01  6.171299219131E-01                 NaN
2016-10-07  5.231788158417E-01  6.003401279449E-01                 NaN
2016-10-10  5.535320043564E-01  6.215297579765E-01                 NaN
2016-10-11  4.853833317757E-01  5.813031196594E-01                 NaN
2016-10-12  4.600110352039E-01  5.597733855247E-01                 NaN
2016-10-13  4.016529023647E-01  5.407239794731E-01                 NaN
2016-10-14  3.869014978409E-01  5.245901346207E-01                 NaN
2016-10-17  3.690869212151E-01  5.107344388962E-01  6.182719469070E-01
2016-10-18  3.980208933353E-01  5.231638550758E-01  6.237077713013E-01
2016-10-19  4.079164266586E-01  5.231638550758E-01  6.239837408066E-01
2016-10-20  4.074684381485E-01  5.220338702202E-01  6.118904352188E-01
2016-10-21  3.946212828159E-01  5.079006552696E-01  6.116633415222E-01
2016-10-24  4.291986823082E-01  5.411499142647E-01  6.276316046715E-01
2016-10-25  4.034028649330E-01  5.135287642479E-01  6.095487475395E-01
2016-10-26  3.715696930885E-01  4.842164516449E-01  5.853976607323E-01
2016-10-27  3.331503868103E-01  4.532130658627E-01  5.720779299736E-01
2016-10-28  3.176083266735E-01  4.385569393635E-01  5.608020424843E-01
2016-10-31  3.263850808144E-01  4.453213214874E-01  5.643500685692E-01
2016-11-01  2.923752069473E-01  4.131905436516E-01  5.381165742874E-01
2016-11-02  2.446516752243E-01  3.799323439598E-01  5.121328234673E-01
2016-11-03  2.369720190763E-01  3.616901338100E-01  4.837683141232E-01
2016-11-04  2.484914958477E-01  3.656338155270E-01  4.930291473866E-01
2016-11-07  3.349780738354E-01  4.282498657703E-01  5.328697562218E-01
2016-11-08  3.448464870453E-01  4.325084388256E-01  5.327869057655E-01
2016-11-09  4.566885828972E-01  4.991568326950E-01  5.875315070152E-01
2016-11-10  4.939692914486E-01  5.297752618790E-01  6.128221154213E-01
2016-11-11  5.712719559669E-01  5.831460952759E-01  6.380713582039E-01
2016-11-14  5.893640518188E-01  5.979786515236E-01  6.506249904633E-01
2016-11-15  6.041666865349E-01  5.976430773735E-01  6.594022512436E-01
2016-11-16  6.052631735802E-01  6.021324396133E-01  6.606587767601E-01
2016-11-17  6.246575117111E-01  6.133557558060E-01  6.703772544861E-01
2016-11-18  6.246575117111E-01  6.087443828583E-01  6.666666865349E-01
2016-11-21  6.345205307007E-01  6.148686408997E-01  6.668723225594E-01
2016-11-22  6.361643671989E-01  6.148686408997E-01  6.660516858101E-01
2016-11-23  6.416438221931E-01  6.193404197693E-01  6.717791557312E-01
2016-11-25  6.719605922699E-01  6.422991156578E-01  6.801470518112E-01
2016-11-28  6.414887905121E-01  6.199776530266E-01  6.581040024757E-01
2016-11-29  6.345732808113E-01  6.114827394485E-01  6.560975313187E-01
2016-11-30  6.116876006126E-01  5.919732451439E-01  6.479902267456E-01
2016-12-01  5.736899375916E-01  5.598886013031E-01  6.234793066978E-01
2016-12-02  5.801526904106E-01  5.643454194069E-01  6.262136101723E-01
2016-12-05  6.152588725090E-01  5.927576422691E-01  6.426408290863E-01
2016-12-06  6.299727559090E-01  6.080178022385E-01  6.551724076271E-01
2016-12-07  6.410675644875E-01  6.080178022385E-01  6.600241661072E-01
2016-12-08  6.621327400208E-01  6.236079931259E-01  6.700844168663E-01
2016-12-09  6.813485622406E-01  6.284760832787E-01  6.746987700462E-01
2016-12-12  6.601414084435E-01  6.181212067604E-01  6.628537178040E-01
2016-12-13  6.617727279663E-01  6.236798167229E-01  6.590499281883E-01
2016-12-14  6.334964632988E-01  6.047804355621E-01  6.422569155693E-01
2016-12-15  6.425855755806E-01  6.114507913589E-01  6.440982818604E-01
2016-12-16  6.482084393501E-01  6.096612811089E-01  6.475507616997E-01
2016-12-19  6.476655602455E-01  6.076581478119E-01  6.408114433289E-01
2016-12-20  6.568946838379E-01  6.126525998116E-01  6.491646766663E-01
2016-12-21  6.494845151901E-01  6.071032285690E-01  6.460071802139E-01
2016-12-22  6.220173239708E-01  5.890182852745E-01  6.222486495972E-01
2016-12-23  6.630552411079E-01  6.069844961166E-01  6.409495472908E-01
2016-12-27  6.666666865349E-01  6.112957000732E-01  6.407824754715E-01
2016-12-28  6.114718317986E-01  5.854063034058E-01  6.230769157410E-01
2016-12-29  6.203353404999E-01  5.922651886940E-01  6.270685791969E-01
2016-12-30  6.104808449745E-01  5.801104903221E-01  6.261075139046E-01
2017-01-03  6.420086622238E-01  6.028681993484E-01  6.415094137192E-01
2017-01-04  7.010253667831E-01  6.345093846321E-01  6.660777330399E-01
2017-01-05  6.914778947830E-01  6.251378059387E-01  6.609770655632E-01
2017-01-06  6.862533688545E-01  6.345093846321E-01  6.582353115082E-01
2017-01-09  6.614555120468E-01  6.236914396286E-01  6.519953012466E-01
2017-01-10  7.122845053673E-01  6.578512191772E-01  6.649060845375E-01
2017-01-11  6.826508641243E-01  6.453744769096E-01  6.535755991936E-01
2017-01-12  6.341595053673E-01  6.285085082054E-01  6.406799554825E-01
2017-01-13  6.806677579880E-01  6.571271419525E-01  6.617819666862E-01
2017-01-17  5.928917527199E-01  6.246560215950E-01  6.446135640144E-01
2017-01-18  5.818083882332E-01  6.158503293991E-01  6.409356594086E-01
2017-01-19  5.182992219925E-01  5.877820849419E-01  6.280701756477E-01
2017-01-20  5.438407659531E-01  6.155115365982E-01  6.448597908020E-01
2017-01-23  5.002689361572E-01  5.918591618538E-01  6.279205679893E-01
2017-01-24  5.476062297821E-01  6.133113503456E-01  6.408163309097E-01
2017-01-25  5.987089872360E-01  6.413641571999E-01  6.567599177361E-01
2017-01-26  5.524475574493E-01  6.089109182358E-01  6.338766217232E-01
2017-01-27  5.704300999641E-01  6.325632333755E-01  6.433973312378E-01
2017-01-30  4.779569804668E-01  5.946094393730E-01  6.238372325897E-01
2017-01-31  5.026881694794E-01  6.078107953072E-01  6.327356696129E-01
2017-02-01  4.962365627289E-01  6.069268584251E-01  6.402544975281E-01
2017-02-02  4.924731254578E-01  6.113249063492E-01  6.406701207161E-01
2017-02-03  5.381720662117E-01  6.289169788361E-01  6.470248699188E-01
2017-02-06  5.016129016876E-01  6.195712089539E-01  6.370455622673E-01
2017-02-07  4.892473220825E-01  5.992303490639E-01  6.326413154602E-01
2017-02-08  4.699248075485E-01  5.925315618515E-01  6.267281174660E-01
2017-02-09  5.359827876091E-01  6.289791464806E-01  6.493955254555E-01
2017-02-10  5.778732299805E-01  6.582556366920E-01  6.685845851898E-01
2017-02-13  5.853920578957E-01  6.575342416763E-01  6.687751412392E-01
2017-02-14  5.907626152039E-01  6.659364700317E-01  6.705002784729E-01
2017-02-15  6.229860186577E-01  6.745076775551E-01  6.791259050369E-01
2017-02-16  6.117078661919E-01  6.670311689377E-01  6.678161025047E-01
2017-02-17  6.285560727119E-01  6.872608065605E-01  6.804597973824E-01
2017-02-21  6.201716661453E-01  6.819671988487E-01  6.789201498032E-01
2017-02-22  6.091153025627E-01  6.724891066551E-01  6.783457994461E-01
2017-02-23  5.678284168243E-01  6.483097076416E-01  6.660929322243E-01
2017-02-24  5.790884494781E-01  6.494002342224E-01  6.706827282906E-01
2017-02-27  6.007502675056E-01  6.739367246628E-01  6.859598755836E-01
2017-02-28  5.334761738777E-01  6.243184208870E-01  6.548368334770E-01
2017-03-01  6.035313010216E-01  6.606754064560E-01  6.685746908188E-01
2017-03-02  5.484216213226E-01  6.407185792923E-01  6.584668159485E-01
2017-03-03  5.452113151550E-01  6.292868852615E-01  6.525714397430E-01
2017-03-06  5.026738047600E-01  6.017410159111E-01  6.436322331429E-01
2017-03-07  4.716577529907E-01  5.723612904549E-01  6.301369667053E-01
2017-03-08  4.679144322872E-01  5.663765072823E-01  6.244292259216E-01
2017-03-09  4.569748938084E-01  5.584557056427E-01  6.231470704079E-01
2017-03-10  4.730090796947E-01  5.698749423027E-01  6.309794783592E-01
2017-03-13  4.831640720367E-01  5.780315399170E-01  6.363118886948E-01
2017-03-14  4.743589758873E-01  5.499457120895E-01  6.192373633385E-01
2017-03-15  5.024025440216E-01  5.905640125275E-01  6.442800164223E-01
2017-03-16  5.339028239250E-01  6.102980971336E-01  6.484641432762E-01
2017-03-17  5.627335906029E-01  6.191766262054E-01  6.613636612892E-01
2017-03-20  5.339028239250E-01  6.040086746216E-01  6.475595831871E-01
2017-03-21  4.153763949871E-01  5.046020746231E-01  6.066969633102E-01
2017-03-22  3.994666635990E-01  4.840454161167E-01  5.989789962769E-01
2017-03-23  4.149333238602E-01  4.994594454765E-01  6.012478470802E-01
2017-03-24  4.282666742802E-01  5.005405545235E-01  6.065759658813E-01
2017-03-27  4.410666525364E-01  5.124324560165E-01  6.145124435425E-01
2017-03-28  4.562899768353E-01  5.272825360298E-01  6.275510191917E-01
2017-03-29  4.837506711483E-01  5.302375555038E-01  6.388888955116E-01
2017-03-30  5.199787020683E-01  5.634106993675E-01  6.434240341187E-01
2017-03-31  5.322322845459E-01  5.607123374939E-01  6.536281108856E-01
2017-04-03  4.762919545174E-01  5.258899927139E-01  6.419263482094E-01
2017-04-04  4.635055959225E-01  5.156418681145E-01  6.319365501404E-01
2017-04-05  4.046858251095E-01  4.795037806034E-01  6.087202429771E-01
2017-04-06  4.420212805271E-01  4.962243735790E-01  6.136877536774E-01
2017-04-07  4.500531256199E-01  5.097087621689E-01  6.312217116356E-01
2017-04-10  4.452709853649E-01  4.981132149696E-01  6.141242980957E-01
2017-04-11  4.545937478542E-01  5.121293663979E-01  6.307170987129E-01
2017-04-12  4.007430970669E-01  4.673854410648E-01  5.962733030319E-01
2017-04-13  3.821656107903E-01  4.614555239677E-01  5.855448842049E-01
2017-04-17  4.042440354824E-01  4.789870679379E-01  6.014656424522E-01
2017-04-18  4.005305171013E-01  4.703663885593E-01  5.964024662971E-01
2017-04-19  4.175066351891E-01  4.784482717514E-01  6.070826053619E-01
2017-04-20  4.790450930595E-01  5.231680870056E-01  6.256324052811E-01
2017-04-21  4.753315746784E-01  5.177610516548E-01  6.198764443398E-01
2017-04-24  5.432360768318E-01  5.618945360184E-01  6.473891139030E-01
2017-04-25  5.798408389091E-01  5.812701582909E-01  6.531986594200E-01
2017-04-26  6.055142879486E-01  6.006458401680E-01  6.593714952469E-01
2017-04-27  5.914149284363E-01  5.855758786201E-01  6.524663567543E-01
2017-04-28  5.603813529015E-01  5.645855665207E-01  6.478163599968E-01
2017-05-01  5.572034120560E-01  5.635091662407E-01  6.416573524475E-01
2017-05-02  5.492584705353E-01  5.454545617104E-01  6.435366272926E-01
2017-05-03  5.063559412956E-01  5.166666507721E-01  6.144375801086E-01
2017-05-04  5.111228823662E-01  5.099408626556E-01  6.057047247887E-01
2017-05-05  5.291313529015E-01  5.325093865395E-01  6.189944148064E-01
2017-05-08  5.052965879440E-01  5.072541832924E-01  6.147403717041E-01
2017-05-09  5.052965879440E-01  5.102040767670E-01  6.149553656578E-01
2017-05-10  5.129698514938E-01  5.128893852234E-01  6.054687500000E-01
2017-05-11  4.875595569611E-01  5.024154782295E-01  5.970982313156E-01
2017-05-12  4.737956523895E-01  4.919527769089E-01  5.942028760910E-01
2017-05-15  5.150873661041E-01  5.096566677094E-01  6.183844208717E-01
2017-05-16  5.103229284286E-01  5.034852623940E-01  6.050139069557E-01
2017-05-17  3.832715749741E-01  4.305630028248E-01  5.528953075409E-01
2017-05-18  4.092112183571E-01  4.332439601421E-01  5.556792616844E-01
2017-05-19  4.301587343216E-01  4.592711627483E-01  5.687256455421E-01
2017-05-22  4.484399855137E-01  4.624865949154E-01  5.731775164604E-01
2017-05-23  4.494976103306E-01  4.640943109989E-01  5.741254687309E-01
2017-05-24  4.460887908936E-01  4.617032706738E-01  5.638179779053E-01
2017-05-25  4.537770748138E-01  4.646680951118E-01  5.743618011475E-01
2017-05-26  4.527205526829E-01  4.625267684460E-01  5.734071731567E-01
2017-05-30  4.278922379017E-01  4.405781626701E-01  5.509412884712E-01
2017-05-31  4.315900802612E-01  4.486081302166E-01  5.454041957855E-01
2017-06-01  4.889123439789E-01  4.850107133389E-01  5.880398750305E-01
2017-06-02  5.369588136673E-01  5.168539285660E-01  6.018826365471E-01
2017-06-05  4.952481389046E-01  4.943820238113E-01  5.764119625092E-01
2017-06-06  4.683210253716E-01  4.756554365158E-01  5.716657638550E-01
2017-06-07  4.762407541275E-01  4.842161536217E-01  5.777531862259E-01
2017-06-08  5.403693914413E-01  5.264847278595E-01  6.009961366653E-01
2017-06-09  5.556728243828E-01  5.468164682388E-01  6.109573841095E-01
2017-06-12  5.498680472374E-01  5.414659976959E-01  6.137244105339E-01
2017-06-13  5.643460154533E-01  5.532370209694E-01  6.203652620316E-01
2017-06-14  5.400843620300E-01  5.296950340271E-01  6.092971563339E-01
2017-06-15  5.263713002205E-01  5.195291638374E-01  6.001105904579E-01
2017-06-16  5.094936490059E-01  5.114911794662E-01  5.956858396530E-01
2017-06-19  5.445440411568E-01  5.280299186707E-01  6.084070801735E-01
2017-06-20  5.002635717392E-01  5.080042481422E-01  5.851770043373E-01
2017-06-21  4.860305786133E-01  4.887940287590E-01  5.752212405205E-01
2017-06-22  4.918292164803E-01  4.930629730225E-01  5.785398483276E-01
2017-06-23  5.326659679413E-01  5.333333611488E-01  6.034291982651E-01
2017-06-26  5.389884114265E-01  5.274666547775E-01  6.012167930603E-01
2017-06-27  4.894625842571E-01  4.952025711536E-01  5.790929198265E-01
2017-06-28  5.642781853676E-01  5.455514192581E-01  6.174682378769E-01
2017-06-29  5.458377003670E-01  5.285029411316E-01  6.091763377190E-01
2017-06-30  5.471300482750E-01  5.292865037918E-01  6.108347177505E-01
2017-07-03  5.655608177185E-01  5.436634421349E-01  6.176795363426E-01
2017-07-05  5.550289750099E-01  5.324813723564E-01  6.151297688484E-01
2017-07-06  4.789473712444E-01  5.031948685646E-01  5.908337831497E-01
2017-07-07  5.702261924744E-01  5.540180802345E-01  6.133480668068E-01
2017-07-10  5.278361439705E-01  5.220862030983E-01  5.920617580414E-01
2017-07-11  5.338582396507E-01  5.249734520912E-01  5.881057381630E-01
2017-07-12  5.884514451027E-01  5.568544268608E-01  6.004402637482E-01
2017-07-13  5.921260118484E-01  5.541976690292E-01  5.965877771378E-01
2017-07-14  5.886673927307E-01  5.430393218994E-01  5.968096852303E-01
2017-07-17  5.917190909386E-01  5.536662936211E-01  6.013179421425E-01
2017-07-18  5.833333134651E-01  5.446333885193E-01  5.954994559288E-01
2017-07-19  6.160293221474E-01  5.637619495392E-01  6.114160418510E-01
2017-07-20  6.120418906212E-01  5.685440897942E-01  6.059275269508E-01
2017-07-21  6.020942330360E-01  5.740839242935E-01  6.119648814201E-01
2017-07-24  6.083769798279E-01  5.751460194588E-01  6.101973652840E-01
2017-07-25  6.198952794075E-01  5.865180492401E-01  6.213698387146E-01
2017-07-26  6.120418906212E-01  5.743100047112E-01  6.120547652245E-01
2017-07-27  5.557299852371E-01  5.461783409119E-01  5.928767323494E-01
2017-07-28  5.475941300392E-01  5.429936051369E-01  5.906849503517E-01
2017-07-31  5.219665169716E-01  5.233545899391E-01  5.863013863564E-01
2017-08-01  5.251045823097E-01  5.320954918861E-01  5.881708860397E-01
2017-08-02  4.704652428627E-01  5.063626766205E-01  5.596933364868E-01
2017-08-03  4.522193074226E-01  4.915164411068E-01  5.438116192818E-01
2017-08-04  4.676409065723E-01  5.066242814064E-01  5.544608831406E-01
2017-08-07  4.650313258171E-01  5.000000000000E-01  5.440131425858E-01
2017-08-08  4.337160885334E-01  4.690312445164E-01  5.300218462944E-01
2017-08-09  3.810020983219E-01  4.335627257824E-01  5.095471739769E-01
2017-08-10  3.063674271107E-01  3.811540603638E-01  4.642662405968E-01
2017-08-11  3.267223238945E-01  3.857142925262E-01  4.683751463890E-01
2017-08-14  3.862212896347E-01  4.333333373070E-01  5.016357898712E-01
2017-08-15  3.554279804230E-01  4.079365134239E-01  4.833787381649E-01
2017-08-16  3.670490086079E-01  4.164021015167E-01  4.888283312321E-01
2017-08-17  3.050052225590E-01  3.597883582115E-01  4.517711102962E-01
2017-08-18  3.190823793411E-01  3.654151260853E-01  4.526143670082E-01
2017-08-21  2.871287167072E-01  3.463775813580E-01  4.395424723625E-01
2017-08-22  3.340281248093E-01  3.934426307678E-01  4.602829217911E-01
2017-08-23  3.182291686535E-01  3.807509243488E-01  4.510337412357E-01
2017-08-24  3.329864740372E-01  3.945002555847E-01  4.600326120853E-01
2017-08-25  3.728549182415E-01  4.087784290314E-01  4.692767858505E-01
2017-08-28  3.728549182415E-01  4.140666425228E-01  4.714518785477E-01
2017-08-29  3.733749389648E-01  4.149048626423E-01  4.660141468048E-01
2017-08-30  3.952158093452E-01  4.323467314243E-01  4.725394248962E-01
2017-08-31  4.360706806183E-01  4.614164829254E-01  4.940217435360E-01
2017-09-01  4.706493616104E-01  4.783298075199E-01  5.078761577606E-01
2017-09-05  4.306493401527E-01  4.469096660614E-01  4.923995733261E-01
2017-09-06  4.416190981865E-01  4.553618729115E-01  4.945711195469E-01
2017-09-07  4.517634809017E-01  4.595879614353E-01  4.902280271053E-01
2017-09-08  4.370139837265E-01  4.463814198971E-01  4.886117279530E-01
2017-09-11  4.968912005424E-01  4.918119311333E-01  5.100271105766E-01
2017-09-12  5.287415981293E-01  5.031679272652E-01  5.197831988335E-01
2017-09-13  5.494562387466E-01  5.248152017593E-01  5.365457534790E-01
2017-09-14  5.334023833275E-01  5.190073847771E-01  5.322144031525E-01
2017-09-15  5.499740839005E-01  5.292875766754E-01  5.408771038055E-01
2017-09-18  5.908855795860E-01  5.469409227371E-01  5.565782189369E-01
2017-09-19  5.898498296738E-01  5.466035008430E-01  5.576610565186E-01
2017-09-20  6.237059831619E-01  5.647368431091E-01  5.630752444267E-01
2017-09-21  6.097308397293E-01  5.631579160690E-01  5.560368299484E-01
2017-09-22  6.508018374443E-01  5.968421101570E-01  5.806276798248E-01
2017-09-25  6.264873147011E-01  5.823251008987E-01  5.786911845207E-01
2017-09-26  6.451112031937E-01  5.853914618492E-01  5.902702808380E-01
2017-09-27  7.011375427246E-01  6.421439647675E-01  6.210810542107E-01
2017-09-28  6.967975497246E-01  6.460084319115E-01  6.200000047684E-01
2017-09-29  7.074303627014E-01  6.493438482285E-01  6.315504908562E-01
2017-10-02  7.360824942589E-01  6.776902675629E-01  6.488384604454E-01
2017-10-03  7.432989478111E-01  6.825813055038E-01  6.420086622238E-01
2017-10-04  7.424008250237E-01  6.820566654205E-01  6.438208222389E-01
2017-10-05  7.624935507774E-01  7.025183439255E-01  6.551538109779E-01
2017-10-06  7.781780958176E-01  7.105401158333E-01  6.592991948128E-01
2017-10-09  7.529593706131E-01  6.900891661644E-01  6.420485377312E-01
2017-10-10  7.562981843948E-01  6.927110552788E-01  6.443965435028E-01
2017-10-11  7.538540363312E-01  6.886792182922E-01  6.474704146385E-01
2017-10-12  7.385721802711E-01  6.850104928017E-01  6.404736042023E-01
2017-10-13  7.500000000000E-01  6.853402853012E-01  6.437029242516E-01
2017-10-16  7.253593206406E-01  6.724228262901E-01  6.344085931778E-01
2017-10-17  7.054899930954E-01  6.598639488220E-01  6.276195645332E-01
2017-10-18  7.018983960152E-01  6.621338725090E-01  6.335303783417E-01
2017-10-19  7.001537680626E-01  6.621338725090E-01  6.383664608002E-01
2017-10-20  7.134802937508E-01  6.673640012741E-01  6.405158638954E-01
2017-10-23  6.611993908882E-01  6.391213536263E-01  6.233208179474E-01
2017-10-24  6.524859070778E-01  6.365062594414E-01  6.181524991989E-01
2017-10-25  6.283956766129E-01  6.208158731461E-01  6.084855198860E-01
2017-10-26  6.196821928024E-01  6.215368509293E-01  6.095595955849E-01
2017-10-27  6.265369057655E-01  6.403554677963E-01  6.213748455048E-01
2017-10-30  5.763319730759E-01  5.922634601593E-01  5.934479236603E-01
2017-10-31  5.957992076874E-01  6.095138788223E-01  5.972073078156E-01
2017-11-01  5.652841925621E-01  5.922634601593E-01  5.939849615097E-01
2017-11-02  5.586277246475E-01  5.898641347885E-01  5.891514420509E-01
2017-11-03  5.678443312645E-01  6.003134846687E-01  5.998926162720E-01
2017-11-06  5.529953837395E-01  5.960333943367E-01  5.904455184937E-01
2017-11-07  4.621289670467E-01  5.401878952980E-01  5.522788167000E-01
2017-11-08  4.518935382366E-01  5.276618003845E-01  5.506159663200E-01
2017-11-09  4.227226078510E-01  5.080855488777E-01  5.358672142029E-01
2017-11-10  4.303991794586E-01  5.145985484123E-01  5.385438799858E-01
2017-11-13  4.278403222561E-01  5.145985484123E-01  5.380085706711E-01
2017-11-14  4.322250783443E-01  5.119916796684E-01  5.433155298233E-01
2017-11-15  4.276214838028E-01  5.145833492279E-01  5.534759163857E-01
2017-11-16  4.700767397881E-01  5.517959594727E-01  5.702832937241E-01
2017-11-17  4.900255799294E-01  5.728408098221E-01  5.881410241127E-01
2017-11-20  5.140665173531E-01  5.839833617210E-01  5.897436141968E-01
2017-11-21  5.398772954941E-01  6.063442826271E-01  6.036324501038E-01
2017-11-22  5.607762932777E-01  6.202597618103E-01  6.180555820465E-01
2017-11-24  5.398365855217E-01  6.067532300949E-01  6.134543418884E-01
2017-11-27  5.153217315674E-01  6.005194783211E-01  6.033101677895E-01
2017-11-28  5.760980844498E-01  6.225337386131E-01  6.243329644203E-01
2017-11-29  5.726670026779E-01  6.209760904312E-01  6.312699913979E-01
2017-11-30  5.715740919113E-01  6.258432865143E-01  6.355887055397E-01
2017-12-01  5.610997676849E-01  6.211727857590E-01  6.228023171425E-01
2017-12-04  5.224032402039E-01  6.032157540321E-01  6.196057796478E-01
2017-12-05  5.005091428757E-01  5.938796401024E-01  6.078849434853E-01
2017-12-06  4.572301506996E-01  5.591286420822E-01  5.897709131241E-01
2017-12-07  4.753431677818E-01  5.769829154015E-01  5.961641073227E-01
2017-12-08  4.728012084961E-01  5.774210095406E-01  5.993607044220E-01
2017-12-11  4.573170840740E-01  5.641822218895E-01  5.881726145744E-01
2017-12-12  4.547764360905E-01  5.631470084190E-01  5.862619876862E-01
2017-12-13  4.695121943951E-01  5.734989643097E-01  5.889244079590E-01
2017-12-14  4.245809912682E-01  5.537745356560E-01  5.809371471405E-01
2017-12-15  5.106598734856E-01  5.956566929817E-01  6.098988652229E-01
2017-12-18  5.433790087700E-01  6.115702390671E-01  6.210750341415E-01
2017-12-19  5.195332169533E-01  5.888429880142E-01  6.035125255585E-01
2017-12-20  5.175037980080E-01  5.863847136497E-01  6.045768857002E-01
2017-12-21  5.554992556572E-01  6.067010164261E-01  6.184140443802E-01
2017-12-22  5.319148898125E-01  6.006175875664E-01  6.170212626457E-01
2017-12-26  5.144304037094E-01  5.876606702805E-01  6.074467897415E-01
2017-12-27  5.210126638412E-01  5.845758318901E-01  6.049973368645E-01
2017-12-28  5.404858589172E-01  5.955806970596E-01  6.073326468468E-01
2017-12-29  5.146612524986E-01  5.778120160103E-01  5.977683067322E-01
2018-01-02  5.484359264374E-01  6.042094230652E-01  6.062698960304E-01
2018-01-03  5.743822455406E-01  6.090302467346E-01  6.218799948692E-01
2018-01-04  5.950579643250E-01  6.251282095909E-01  6.279193162918E-01
2018-01-05  6.298537850380E-01  6.399999856949E-01  6.390658020973E-01
2018-01-08  6.129032373428E-01  6.282051205635E-01  6.358811259270E-01
2018-01-09  6.183282732964E-01  6.140440702438E-01  6.374734640121E-01
2018-01-10  6.149975061417E-01  6.055327653885E-01  6.279193162918E-01
2018-01-11  6.901408433914E-01  6.598360538483E-01  6.654294729233E-01
2018-01-12  6.988436579704E-01  6.639344096184E-01  6.786850690842E-01
2018-01-16  6.571285128593E-01  6.354326605797E-01  6.585366129875E-01
2018-01-17  6.725175380707E-01  6.513056755066E-01  6.675503849983E-01
2018-01-18  6.534603834152E-01  6.364567279816E-01  6.474019289017E-01
2018-01-19  6.985957622528E-01  6.676907539368E-01  6.808059215546E-01
2018-01-22  6.906906962395E-01  6.653019189835E-01  6.755037307739E-01
2018-01-23  6.974999904633E-01  6.658137440681E-01  6.772655248642E-01
2018-01-24  6.533466577530E-01  6.340839266777E-01  6.640169620514E-01
2018-01-25  6.530204415321E-01  6.289662122726E-01  6.624271273613E-01
2018-01-26  6.540189981461E-01  6.463664174080E-01  6.719660758972E-01
2018-01-29  6.225661635399E-01  6.225063800812E-01  6.525423526764E-01
2018-01-30  5.663672685623E-01  5.918158292770E-01  6.297669410706E-01
2018-01-31  5.393426418304E-01  5.780051350594E-01  6.228813529015E-01
2018-02-01  5.425584912300E-01  5.826086997986E-01  6.271186470985E-01
2018-02-02  4.499751031399E-01  5.242967009544E-01  5.868644118309E-01
2018-02-05  2.777501344681E-01  4.038854837418E-01  5.066172480583E-01
2018-02-06  3.250373303890E-01  4.251405298710E-01  5.325568914413E-01
2018-02-07  3.285216391087E-01  4.333162903786E-01  5.346744060516E-01
2018-02-08  2.314584404230E-01  3.367398977280E-01  4.624338746071E-01
2018-02-09  2.452736347914E-01  3.592233061790E-01  4.830687940121E-01
2018-02-12  2.850746214390E-01  3.840653598309E-01  5.013206601143E-01
2018-02-13  3.039801120758E-01  3.962264060974E-01  5.124141573906E-01
2018-02-14  3.706467747688E-01  4.449541270733E-01  5.366754531860E-01
2018-02-15  4.268656671047E-01  4.755351543427E-01  5.551451444626E-01
2018-02-16  4.393034875393E-01  4.898063242435E-01  5.680379867554E-01
2018-02-20  3.929458558559E-01  4.520896971226E-01  5.416227579117E-01
2018-02-21  4.216269850731E-01  4.610686898232E-01  5.474183559418E-01
2018-02-22  4.000991582870E-01  4.519084095955E-01  5.376514196396E-01
2018-02-23  4.476945996284E-01  4.918616414070E-01  5.615789294243E-01
2018-02-26  4.695091843605E-01  5.020346045494E-01  5.721052885056E-01
2018-02-27  4.112983047962E-01  4.628687798977E-01  5.489473938942E-01
2018-02-28  3.513112366199E-01  4.062023460865E-01  5.115789771080E-01
2018-03-01  3.333333432674E-01  3.960345685482E-01  5.068420767784E-01
2018-03-02  4.094955623150E-01  4.598577320576E-01  5.439242720604E-01
2018-03-05  4.443895220757E-01  4.832316935062E-01  5.560231208801E-01
2018-03-06  4.832015931606E-01  5.086382031441E-01  5.723303556442E-01
2018-03-07  5.032098889351E-01  5.223350524902E-01  5.865334272385E-01
2018-03-08  5.051851868629E-01  5.256215333939E-01  5.817990303040E-01
2018-03-09  5.799605250359E-01  5.753424763680E-01  6.163951754570E-01
2018-03-12  5.908193588257E-01  6.022323966026E-01  6.271008253098E-01
2018-03-13  5.683276057243E-01  5.834601521492E-01  6.181722879410E-01
2018-03-14  5.551724433899E-01  5.567376017570E-01  6.047244071960E-01
2018-03-15  5.320196747780E-01  5.462822318077E-01  5.994750857353E-01
2018-03-16  5.672082901001E-01  5.743175148964E-01  6.162729859352E-01
2018-03-19  5.243722200394E-01  5.470172166824E-01  5.942257046700E-01
2018-03-20  5.100935697556E-01  5.384226441383E-01  5.821522474289E-01
2018-03-21  5.411127805710E-01  5.548256635666E-01  5.942257046700E-01
2018-03-22  4.313146173954E-01  4.740030169487E-01  5.464079976082E-01
2018-03-23  3.466272652149E-01  4.001009166241E-01  4.887257516384E-01
2018-03-26  4.018691480160E-01  4.550958573818E-01  5.322496294975E-01
2018-03-27  3.423511981964E-01  3.928391337395E-01  4.808599948883E-01
2018-03-28  3.256271481514E-01  3.877139985561E-01  4.840062856674E-01
2018-03-29  3.731563389301E-01  4.167923629284E-01  4.973794519901E-01
2018-04-02  2.866273224354E-01  3.539467155933E-01  4.557359814644E-01
2018-04-03  3.254670500755E-01  3.846153914928E-01  4.780104756355E-01
2018-04-04  3.977384567261E-01  4.224008023739E-01  5.078533887863E-01
2018-04-05  4.237954914570E-01  4.327309131622E-01  5.122972130775E-01
2018-04-06  3.549337387085E-01  3.858504891396E-01  4.793301820755E-01
2018-04-09  3.550760149956E-01  3.797595202923E-01  4.748953878880E-01
2018-04-10  4.418832659721E-01  4.376564919949E-01  5.151673555374E-01
2018-04-11  4.428641498089E-01  4.381572306156E-01  5.193514823914E-01
2018-04-12  4.808823466301E-01  4.624624550343E-01  5.344827771187E-01
2018-04-13  4.784525036812E-01  4.485514461994E-01  5.258485674858E-01
2018-04-16  5.088148713112E-01  4.722915589809E-01  5.419927239418E-01
2018-04-17  5.489715933800E-01  4.987518787384E-01  5.641292929649E-01
2018-04-18  5.499510169029E-01  4.947578608990E-01  5.599582791328E-01
2018-04-19  5.377081036568E-01  4.932601153851E-01  5.547445416451E-01
2018-04-20  5.075868964195E-01  4.792810678482E-01  5.448383688927E-01
2018-04-23  5.000000000000E-01  4.692960679531E-01  5.422315001488E-01
2018-04-24  4.716242551804E-01  4.565868377686E-01  5.281543135643E-01
2018-04-25  4.417808353901E-01  4.471057951450E-01  5.239832997322E-01
2018-04-26  4.696969687939E-01  4.585828483105E-01  5.304846167564E-01
2018-04-27  4.745845496655E-01  4.645708501339E-01  5.237102508545E-01
2018-04-30  4.328285157681E-01  4.296407103539E-01  4.973958432674E-01
2018-05-01  4.572545289993E-01  4.446107745171E-01  5.135416388512E-01
2018-05-02  4.596971273422E-01  4.466600120068E-01  5.187500119209E-01
2018-05-03  4.223632812500E-01  4.061722159386E-01  4.841228425503E-01
2018-05-04  4.907226562500E-01  4.624191224575E-01  5.283411145210E-01
2018-05-07  5.078125000000E-01  4.805970191956E-01  5.322245359421E-01
2018-05-08  5.243902206421E-01  4.940298497677E-01  5.353430509567E-01
2018-05-09  5.487805008888E-01  5.121830105782E-01  5.522077679634E-01
2018-05-10  5.494880676270E-01  5.109235644341E-01  5.477674007416E-01
2018-05-11  5.694783329964E-01  5.225806236267E-01  5.588998198509E-01
2018-05-14  5.387615561485E-01  5.071889162064E-01  5.474339127541E-01
2018-05-15  5.472709536552E-01  5.113974213600E-01  5.515811443329E-01
2018-05-16  5.745614171028E-01  5.294700264931E-01  5.680994391441E-01
2018-05-17  5.986361503601E-01  5.490099191666E-01  5.802277326584E-01
2018-05-18  6.195811033249E-01  5.608910918236E-01  5.816959738731E-01
2018-05-21  6.260954141617E-01  5.648514628410E-01  5.912144780159E-01
2018-05-22  6.105160713196E-01  5.519801974297E-01  5.723140239716E-01
2018-05-23  6.154593825340E-01  5.576447248459E-01  5.782137513161E-01
2018-05-24  6.120563745499E-01  5.494071245193E-01  5.756323933601E-01
2018-05-25  6.185616850853E-01  5.558300614357E-01  5.877193212509E-01
2018-05-29  5.905779600143E-01  5.320829153061E-01  5.667870044708E-01
2018-05-30  6.242718696594E-01  5.602172017097E-01  5.817431807518E-01
2018-05-31  6.116504669189E-01  5.476073026657E-01  5.740072131157E-01
2018-06-01  6.601941585541E-01  5.851011276245E-01  5.930892229080E-01
2018-06-04  6.527643203735E-01  5.917159914970E-01  5.915420055389E-01
2018-06-05  6.815317273140E-01  6.074950695038E-01  6.077319383621E-01
2018-06-06  6.858943104744E-01  6.136027574539E-01  6.159793734550E-01
2018-06-07  6.747337579727E-01  6.116313338280E-01  6.010309457779E-01
2018-06-08  6.669889092445E-01  6.131098866463E-01  6.035015583038E-01
2018-06-11  6.810052990913E-01  6.205027103424E-01  6.138002276421E-01
2018-06-12  6.848719120026E-01  6.278955340385E-01  6.220391392708E-01
2018-06-13  6.723054647446E-01  6.152709126472E-01  6.096807122231E-01
2018-06-14  6.819719672203E-01  6.295566558838E-01  6.129696369171E-01
2018-06-15  6.800386905670E-01  6.325123310089E-01  6.088522672653E-01
2018-06-18  6.729468703270E-01  6.291195154190E-01  6.100823283195E-01
2018-06-19  6.652173995972E-01  6.294840574265E-01  6.111111044884E-01
2018-06-20  6.760019063950E-01  6.461916565895E-01  6.239711642265E-01
2018-06-21  6.481660008430E-01  6.216216087341E-01  6.010282635689E-01
2018-06-22  6.423745155334E-01  6.265356540680E-01  6.071979403496E-01
2018-06-25  5.830115675926E-01  5.912659764290E-01  5.789203047752E-01
2018-06-26  5.994208455086E-01  6.015701889992E-01  5.842754244804E-01
2018-06-27  5.026531815529E-01  5.461236238480E-01  5.467625856400E-01
2018-06-28  5.171084403992E-01  5.529931187630E-01  5.505906343460E-01
2018-06-29  5.113143920898E-01  5.510303974152E-01  5.531587004662E-01
2018-07-02  5.488685369492E-01  5.684158802032E-01  5.657083988190E-01
2018-07-03  5.479056239128E-01  5.651960968971E-01  5.569815039635E-01
2018-07-05  5.734232068062E-01  5.931372642517E-01  5.811088085175E-01
2018-07-06  6.019230484962E-01  6.207741498947E-01  5.987685918808E-01
2018-07-09  6.229587197304E-01  6.284875273705E-01  6.098310351372E-01
2018-07-10  6.029765009880E-01  6.201664209366E-01  6.008188128471E-01
2018-07-11  5.640902519226E-01  6.002935171127E-01  5.829068422318E-01
2018-07-12  5.804128646851E-01  6.029340028763E-01  5.864892601967E-01
2018-07-13  5.601918697357E-01  5.892420411110E-01  5.736950039864E-01
2018-07-16  5.320574045181E-01  5.770171284676E-01  5.728155374527E-01
2018-07-17  5.351506471634E-01  5.892420411110E-01  5.825242996216E-01
2018-07-18  5.547061562538E-01  5.975550413132E-01  5.847803950310E-01
2018-07-19  5.527446269989E-01  5.867122411728E-01  5.903983712196E-01
2018-07-20  5.460620522499E-01  5.847581624985E-01  5.863125920296E-01
2018-07-23  5.400763154030E-01  5.886663198471E-01  5.870342254639E-01
2018-07-24  4.785305261612E-01  5.576171875000E-01  5.666156411171E-01
2018-07-25  4.833015203476E-01  5.449218750000E-01  5.591836571693E-01
2018-07-26  5.042939186096E-01  5.625000000000E-01  5.719387531281E-01
2018-07-27  4.105865657330E-01  5.158613920212E-01  5.367347002029E-01
2018-07-30  3.776824176311E-01  4.921951293945E-01  5.249745249748E-01
2018-07-31  4.027645289898E-01  5.053658485413E-01  5.369332432747E-01
2018-08-01  4.054311513901E-01  5.060945749283E-01  5.341140627861E-01
2018-08-02  4.414285719395E-01  5.197464823723E-01  5.453156828880E-01
2018-08-03  3.968631327152E-01  5.024342536926E-01  5.371690392494E-01
2018-08-06  4.270783960819E-01  5.172749161720E-01  5.435114502907E-01
2018-08-07  4.327791035175E-01  5.218871831894E-01  5.363128781319E-01
2018-08-08  4.536817073822E-01  5.323286056519E-01  5.517766475677E-01
2018-08-09  4.513526260853E-01  5.228376984596E-01  5.474378466606E-01
2018-08-10  4.354838728905E-01  5.121477246284E-01  5.357686281204E-01
2018-08-13  4.082503616810E-01  4.995141029358E-01  5.263691544533E-01
2018-08-14  4.333807528019E-01  5.169903039932E-01  5.390070676804E-01
2018-08-15  3.840682804585E-01  4.730713367462E-01  5.113924145699E-01
2018-08-16  4.129919409752E-01  4.944201707840E-01  5.237854123116E-01
2018-08-17  4.180094897747E-01  4.990310072899E-01  5.326251983643E-01
2018-08-20  4.396020770073E-01  5.070149898529E-01  5.404040217400E-01
2018-08-21  4.680246412754E-01  5.297532677650E-01  5.514631867409E-01
2018-08-22  4.879204034805E-01  5.389453172684E-01  5.615540146828E-01
2018-08-23  4.758522808552E-01  5.283018946648E-01  5.521936416626E-01
2018-08-24  4.853219687939E-01  5.355587601662E-01  5.581864118576E-01
2018-08-27  5.118371248245E-01  5.437832474709E-01  5.639476180077E-01
2018-08-28  5.142045617104E-01  5.365263819695E-01  5.646703839302E-01
2018-08-29  5.390440225601E-01  5.485742092133E-01  5.702063441277E-01
2018-08-30  5.259678959846E-01  5.396135449409E-01  5.608651638031E-01
2018-08-31  5.546653866768E-01  5.639787316322E-01  5.744466781616E-01
2018-09-04  5.334590077400E-01  5.485273003578E-01  5.570638775826E-01
2018-09-05  5.141242742538E-01  5.330758094788E-01  5.494229793549E-01
2018-09-06  4.746240675449E-01  5.007243156433E-01  5.381143689156E-01
2018-09-07  4.603844285011E-01  4.913127422333E-01  5.235707163811E-01
2018-09-10  4.756326079369E-01  5.014464855194E-01  5.330992937088E-01
2018-09-11  4.508427083492E-01  4.850674271584E-01  5.240722298622E-01
2018-09-12  4.517790377140E-01  4.797687828541E-01  5.155310630798E-01
2018-09-13  4.433520734310E-01  4.657995998859E-01  5.122684240341E-01
2018-09-14  4.429373145103E-01  4.706165790558E-01  5.155155062675E-01
2018-09-17  4.093458056450E-01  4.454064369202E-01  5.010010004044E-01
2018-09-18  4.341121613979E-01  4.541085958481E-01  5.105105042458E-01
2018-09-19  4.303738176823E-01  4.486071169376E-01  5.035035014153E-01
2018-09-20  4.827102720737E-01  4.759846329689E-01  5.295295119286E-01
2018-09-21  4.785046875477E-01  4.764649271965E-01  5.250250101089E-01
2018-09-24  4.507239460945E-01  4.572936594486E-01  5.095000267029E-01
2018-09-25  4.493227601051E-01  4.533269405365E-01  5.027458667755E-01
2018-09-26  4.193097054958E-01  4.334928095341E-01  4.852720797062E-01
2018-09-27  4.346815347672E-01  4.289813339710E-01  4.837743341923E-01
2018-09-28  4.256505668163E-01  4.300047755241E-01  4.797803163528E-01
2018-10-01  3.805761933327E-01  3.999044299126E-01  4.600798487663E-01
2018-10-02  3.622851967812E-01  3.720152676105E-01  4.484304785728E-01
2018-10-03  3.899721503258E-01  4.016236960888E-01  4.688899815083E-01
2018-10-04  3.212963044643E-01  3.615090847015E-01  4.444997608662E-01
2018-10-05  2.955596745014E-01  3.409742116928E-01  4.174129366875E-01
2018-10-08  2.784458696842E-01  3.298329412937E-01  4.112381935120E-01
2018-10-09  2.631822526455E-01  3.174224197865E-01  4.070576429367E-01
2018-10-10  1.803885251284E-01  2.380725145340E-01  3.457525968552E-01
2018-10-11  1.390942633152E-01  1.988555043936E-01  3.060109317303E-01
2018-10-12  1.649722754955E-01  2.187797874212E-01  3.134624958038E-01
2018-10-15  1.621996313334E-01  2.197906821966E-01  3.149528205395E-01
2018-10-16  2.375231087208E-01  2.715168893337E-01  3.581349253654E-01
2018-10-17  2.282809615135E-01  2.734189331532E-01  3.571428656578E-01
2018-10-18  2.036011070013E-01  2.406086474657E-01  3.300297260284E-01
2018-10-19  1.816505342722E-01  2.185273170471E-01  3.145121335983E-01
2018-10-22  1.673582345247E-01  2.146248817444E-01  3.055968284607E-01
2018-10-23  1.557603627443E-01  2.002847641706E-01  2.915841639042E-01
2018-10-24  1.110599115491E-01  1.433317512274E-01  2.415841519833E-01
2018-10-25  1.220073699951E-01  1.637399196625E-01  2.584158480167E-01
2018-10-26  1.123388558626E-01  1.457047909498E-01  2.459178566933E-01
2018-10-29  1.118784546852E-01  1.432637572289E-01  2.355269640684E-01
2018-10-30  1.454210728407E-01  1.755218207836E-01  2.666996419430E-01
2018-10-31  1.642134338617E-01  1.935483813286E-01  2.751113176346E-01
2018-11-01  2.207911610603E-01  2.319734394550E-01  3.087580502033E-01
2018-11-02  2.244710177183E-01  2.370791882277E-01  3.137060999870E-01
2018-11-05  2.290708422661E-01  2.399241328239E-01  3.082632422447E-01
2018-11-06  2.496551722288E-01  2.536747157574E-01  3.142008781433E-01
2018-11-07  3.051470518112E-01  2.834123075008E-01  3.361344635487E-01
2018-11-08  3.189338147640E-01  2.870677411556E-01  3.376110494137E-01
2018-11-09  2.628676593304E-01  2.490548193455E-01  3.134254813194E-01
2018-11-12  2.066115736961E-01  2.090608775616E-01  2.833168804646E-01
2018-11-13  2.188073396683E-01  2.056603729725E-01  2.788746356964E-01
2018-11-14  1.862385272980E-01  1.833176314831E-01  2.522211372852E-01
2018-11-15  2.278771251440E-01  2.107243686914E-01  2.738036513329E-01
2018-11-16  2.320036739111E-01  2.045987844467E-01  2.731755375862E-01
2018-11-19  1.993583887815E-01  1.833958774805E-01  2.428571432829E-01
2018-11-20  1.653687655926E-01  1.524390280247E-01  2.176267802715E-01
2018-11-21  1.910215318203E-01  1.693245768547E-01  2.332677096128E-01
2018-11-23  2.148080468178E-01  1.740150153637E-01  2.380718141794E-01
2018-11-26  2.384650558233E-01  1.922175288200E-01  2.518445551395E-01
2018-11-27  2.247601598501E-01  1.879100352526E-01  2.378378361464E-01
2018-11-28  3.083599805832E-01  2.305529564619E-01  2.749140858650E-01
2018-11-29  3.103605806828E-01  2.422680407763E-01  2.768777608871E-01
2018-11-30  3.330292105675E-01  2.427366375923E-01  2.796859741211E-01
2018-12-03  3.761969804764E-01  2.627634704113E-01  2.968596518040E-01
2018-12-04  2.362061142921E-01  1.873536258936E-01  2.306182533503E-01
2018-12-06  2.412380576134E-01  1.863295882940E-01  2.247301340103E-01
2018-12-07  1.909090876579E-01  1.589527875185E-01  2.016683071852E-01
2018-12-10  2.053612023592E-01  1.571095585823E-01  2.070657461882E-01
2018-12-11  2.080872356892E-01  1.612301915884E-01  2.039215713739E-01
2018-12-12  2.376192659140E-01  1.765253841877E-01  2.161764651537E-01
2018-12-13  2.097140252590E-01  1.610051244497E-01  1.970588266850E-01
2018-12-14  1.755101978779E-01  1.376744210720E-01  1.793238669634E-01
2018-12-17  1.350861340761E-01  1.113172546029E-01  1.538461595774E-01
2018-12-18  1.287398040295E-01  1.061167716980E-01  1.415972560644E-01
2018-12-19  1.083408892155E-01  9.453197568655E-02  1.288584023714E-01
2018-12-20  9.156844764948E-02  7.831325381994E-02  1.120900660753E-01
2018-12-21  7.204350084066E-02  7.275255024433E-02  9.789524972439E-02
2018-12-24  5.706521868706E-02  5.789717286825E-02  8.268101513386E-02
2018-12-26  9.737318754196E-02  8.148147910833E-02  1.046966761351E-01
2018-12-27  1.000905781984E-01  8.101851493120E-02  1.162677109241E-01
2018-12-28  1.235853359103E-01  9.856548160315E-02  1.231069862843E-01
2018-12-31  1.519674360752E-01  1.138361841440E-01  1.372070312500E-01
2019-01-02  1.802982389927E-01  1.220527067780E-01  1.434846222401E-01
2019-01-03  1.423407196999E-01  1.043397933245E-01  1.215226948261E-01
2019-01-04  2.371273785830E-01  1.348107159138E-01  1.517813503742E-01
2019-01-07  3.125564455986E-01  1.615136116743E-01  1.678867787123E-01
2019-01-08  3.524368107319E-01  1.836640536785E-01  1.906387060881E-01
2019-01-09  3.915200829506E-01  1.996311694384E-01  1.998050659895E-01
2019-01-10  3.870094716549E-01  2.000922113657E-01  2.021432071924E-01
2019-01-11  4.140730798244E-01  2.130013853312E-01  2.067120671272E-01
2019-01-14  3.662162125111E-01  1.927155405283E-01  1.898980140686E-01
2019-01-15  4.133273363113E-01  2.231443077326E-01  2.107819318771E-01
2019-01-16  4.682860970497E-01  2.360534816980E-01  2.179611623287E-01
2019-01-17  4.948268234730E-01  2.544951736927E-01  2.262135893106E-01
2019-01-18  5.609536767006E-01  2.894009351730E-01  2.479378879070E-01
2019-01-22  4.844804406166E-01  2.450483590364E-01  2.202814221382E-01
2019-01-23  4.968525171280E-01  2.555248737335E-01  2.212518155575E-01
2019-01-24  5.312359333038E-01  2.776243090630E-01  2.308438420296E-01
2019-01-25  5.856179594994E-01  3.149171173573E-01  2.452738732100E-01
2019-01-28  5.612932443619E-01  3.123275041580E-01  2.412790656090E-01
2019-01-29  5.442299246788E-01  3.040478527546E-01  2.311046570539E-01
2019-01-30  5.966801047325E-01  3.494252860546E-01  2.562984526157E-01
2019-01-31  6.227007508278E-01  3.658088147640E-01  2.693798542023E-01
2019-02-01  6.406460404396E-01  3.832720518112E-01  2.842614948750E-01
2019-02-04  6.878923773766E-01  4.271933734417E-01  2.999516129494E-01
2019-02-05  6.817570328712E-01  4.276527464390E-01  3.030449450016E-01
2019-02-06  6.880322694778E-01  4.302112162113E-01  3.093281686306E-01
2019-02-07  6.454504728317E-01  4.145671129227E-01  2.875785529613E-01
2019-02-08  6.515898108482E-01  4.186898767948E-01  2.861285507679E-01
2019-02-11  6.744289994240E-01  4.434264898300E-01  2.993722856045E-01
2019-02-12  7.197851538658E-01  4.906092584133E-01  3.212735056877E-01
2019-02-13  7.229185104370E-01  5.086996555328E-01  3.318861424923E-01
2019-02-14  7.288590669632E-01  5.080091357231E-01  3.362276852131E-01
2019-02-15  7.588366866112E-01  5.576395392418E-01  3.649951815605E-01
2019-02-19  7.736017704010E-01  5.756744146347E-01  3.737957477570E-01
2019-02-20  7.675458192825E-01  5.737106204033E-01  3.783653974533E-01
2019-02-21  7.582663297653E-01  5.672594904900E-01  3.685728013515E-01
2019-02-22  7.732142806053E-01  5.929808616638E-01  3.957732915878E-01
2019-02-25  7.765387892723E-01  6.084776520729E-01  4.011516273022E-01
2019-02-26  7.702943682671E-01  5.902461409569E-01  3.886756300926E-01
2019-02-27  7.669340372086E-01  6.036446690559E-01  3.889688253403E-01
2019-02-28  7.580214142799E-01  5.955414175987E-01  3.865707516670E-01
2019-03-01  7.718359827995E-01  6.141947507858E-01  4.014388620853E-01
2019-03-04  7.553476095200E-01  6.073703169823E-01  3.937650024891E-01
2019-03-05  7.314031124115E-01  5.970895886421E-01  3.763183057308E-01
2019-03-06  6.562778353691E-01  5.452478528023E-01  3.441994190216E-01
2019-03-07  6.113089919090E-01  5.204545259476E-01  3.263056874275E-01
2019-03-08  5.934995412827E-01  5.104450583458E-01  3.219932913780E-01
2019-03-11  6.421895623207E-01  5.622161626816E-01  3.558429181576E-01
2019-03-12  6.241103410721E-01  5.649409890175E-01  3.542065024376E-01
2019-03-13  6.371721029282E-01  5.846573114395E-01  3.580305874348E-01
2019-03-14  6.130608916283E-01  5.804988741875E-01  3.548232913017E-01
2019-03-15  6.170591115952E-01  5.876755714417E-01  3.715377151966E-01
2019-03-18  6.460923552513E-01  6.189397573471E-01  3.810205161572E-01
2019-03-19  5.999112129211E-01  5.969203114510E-01  3.665395677090E-01
2019-03-20  5.614736080170E-01  5.783514380455E-01  3.644592761993E-01
2019-03-21  5.654101967812E-01  5.758261680603E-01  3.749404549599E-01
2019-03-22  4.494680762291E-01  4.920850396156E-01  3.247618973255E-01
2019-03-25  4.406028389931E-01  4.929895997047E-01  3.223809599876E-01
2019-03-26  4.630039930344E-01  5.137946605682E-01  3.469776213169E-01
2019-03-27  4.588131010532E-01  5.094850659370E-01  3.384102880955E-01
2019-03-28  4.707964658737E-01  5.239385962486E-01  3.460257053375E-01
2019-03-29  4.792219400406E-01  5.336039662361E-01  3.522132337093E-01
2019-04-01  5.203359723091E-01  5.714930295944E-01  3.696479499340E-01
2019-04-02  5.181255340576E-01  5.741993784904E-01  3.801141679287E-01
2019-04-03  5.251989364624E-01  5.809652805328E-01  3.848715424538E-01
2019-04-04  5.340406894684E-01  5.972034335136E-01  3.953377604485E-01
2019-04-05  5.654288530350E-01  6.239855885506E-01  4.060865342617E-01
2019-04-08  5.673884153366E-01  6.289449930191E-01  4.136622250080E-01
2019-04-09  5.090587735176E-01  5.871229171753E-01  3.896780312061E-01
2019-04-10  5.479028820992E-01  6.228622794151E-01  4.124881625175E-01
2019-04-11  5.348631739616E-01  6.113360524178E-01  4.059546291828E-01
2019-04-12  5.551632642746E-01  6.218525171280E-01  4.106553494930E-01
2019-04-15  5.130127668381E-01  6.092625856400E-01  4.143932163715E-01
2019-04-16  5.301895141602E-01  6.188763976097E-01  4.250117540359E-01
2019-04-17  4.786249399185E-01  5.779775381088E-01  4.015044569969E-01
2019-04-18  4.713656306267E-01  5.716853737831E-01  3.991537392139E-01
2019-04-22  4.427816867828E-01  5.591011047363E-01  3.923872113228E-01
2019-04-23  5.101232528687E-01  5.970350503922E-01  4.210526347160E-01
2019-04-24  4.995598495007E-01  5.938903689384E-01  4.213245511055E-01
2019-04-25  4.762533009052E-01  5.741239786148E-01  4.133395850658E-01
2019-04-26  5.090109705925E-01  5.992812514305E-01  4.288398325443E-01
2019-04-29  5.393406748772E-01  6.187696456909E-01  4.387036263943E-01
2019-04-30  5.105448365211E-01  6.012573242188E-01  4.260216057301E-01
2019-05-01  4.616059660912E-01  5.783565044403E-01  4.091122448444E-01
2019-05-02  4.774023592472E-01  5.859129428864E-01  4.095819592476E-01
2019-05-03  5.580885410309E-01  6.327354311943E-01  4.493433535099E-01
2019-05-06  5.521472096443E-01  6.254480481148E-01  4.496958255768E-01
2019-05-07  4.732924699783E-01  5.803851485252E-01  4.242282509804E-01
2019-05-08  4.553415179253E-01  5.754590034485E-01  4.158091545105E-01
2019-05-09  4.520787894726E-01  5.648479461670E-01  4.037383198738E-01
2019-05-10  4.584426879883E-01  5.592311024666E-01  4.086875319481E-01
2019-05-13  3.381452262402E-01  4.571045637131E-01  3.519552946091E-01
2019-05-14  4.006999135017E-01  4.970969259739E-01  3.799999952316E-01
2019-05-15  3.989501297474E-01  4.939705133438E-01  3.824349343777E-01
2019-05-16  4.254481792450E-01  5.035714507103E-01  3.866170942783E-01
2019-05-17  3.784964978695E-01  4.756805002689E-01  3.726765811443E-01
2019-05-20  3.595456480980E-01  4.422132968903E-01  3.683232665062E-01
2019-05-21  3.918741941452E-01  4.738955795765E-01  3.859730660915E-01
2019-05-22  3.644696772099E-01  4.402319490910E-01  3.704735338688E-01
2019-05-23  2.955041527748E-01  3.758359253407E-01  3.322505652905E-01
2019-05-24  3.312963843346E-01  3.910913169384E-01  3.466357290745E-01
2019-05-28  3.120907843113E-01  3.665924370289E-01  3.319424986839E-01
2019-05-29  2.806634604931E-01  3.477292954922E-01  3.217592537403E-01
2019-05-30  2.761780023575E-01  3.406055271626E-01  3.236111104488E-01
2019-05-31  2.351657897234E-01  3.009795248508E-01  2.949074208736E-01
2019-06-03  2.389882206917E-01  3.005780279636E-01  2.961591780186E-01
2019-06-04  2.880174219608E-01  3.454868793488E-01  3.330253958702E-01
2019-06-05  2.727668881416E-01  3.254779875278E-01  3.228637278080E-01
2019-06-06  2.648083567619E-01  3.152512311935E-01  3.094688355923E-01
2019-06-07  2.812364101410E-01  3.238560557365E-01  3.233256340027E-01
2019-06-10  3.089643120766E-01  3.465126752853E-01  3.334873020649E-01
2019-06-11  3.098346292973E-01  3.525754809380E-01  3.330253958702E-01
2019-06-12  3.123097121716E-01  3.454706966877E-01  3.348729908466E-01
2019-06-13  3.463711440563E-01  3.690053224564E-01  3.519630432129E-01
2019-06-14  3.315972089767E-01  3.599644899368E-01  3.425669372082E-01
2019-06-17  3.381014168262E-01  3.571428656578E-01  3.511767387390E-01
2019-06-18  3.953185975552E-01  3.921916484833E-01  3.774803876877E-01
2019-06-19  4.000867009163E-01  4.001774489880E-01  3.913244009018E-01
2019-06-20  4.178586900234E-01  4.023957550526E-01  3.988012969494E-01
2019-06-21  4.009536206722E-01  3.924612104893E-01  3.886583745480E-01
2019-06-24  3.532726466656E-01  3.600887060165E-01  3.658986091614E-01
2019-06-25  3.485045433044E-01  3.534367978573E-01  3.629663884640E-01
2019-06-26  3.491994738579E-01  3.501773178577E-01  3.625057637691E-01
2019-06-27  4.185745120049E-01  3.956579566002E-01  3.977900445461E-01
2019-06-28  4.881311953068E-01  4.353410005569E-01  4.355432689190E-01
2019-07-01  5.034512281418E-01  4.444444477558E-01  4.346224665642E-01
2019-07-02  4.844693839550E-01  4.190981388092E-01  4.244372844696E-01
2019-07-03  5.103448033333E-01  4.420866370201E-01  4.441892504692E-01
2019-07-05  5.366379022598E-01  4.637489020824E-01  4.550046026707E-01
2019-07-08  4.892241358757E-01  4.252873659134E-01  4.348025619984E-01
2019-07-09  4.954760968685E-01  4.288869202137E-01  4.446994066238E-01
2019-07-10  5.062472820282E-01  4.319787919521E-01  4.454128444195E-01
2019-07-11  4.866494536400E-01  4.179170429707E-01  4.344036579132E-01
2019-07-12  5.212903022766E-01  4.343033432961E-01  4.511691927910E-01
2019-07-15  5.010734200478E-01  4.259911775589E-01  4.358974397182E-01
2019-07-16  5.023615360260E-01  4.236691594124E-01  4.387008249760E-01
2019-07-17  4.703862667084E-01  4.078310728073E-01  4.305301606655E-01
2019-07-18  4.841201603413E-01  4.206593334675E-01  4.382998049259E-01
2019-07-19  4.704623222351E-01  4.026373624802E-01  4.268738627434E-01
2019-07-22  4.641025662422E-01  4.077328741550E-01  4.349017739296E-01
2019-07-23  4.867521226406E-01  4.275043904781E-01  4.317663311958E-01
2019-07-24  5.378043651581E-01  4.696836471558E-01  4.696485698223E-01
2019-07-25  4.982920587063E-01  4.327768087387E-01  4.438868761063E-01
2019-07-26  5.364916920662E-01  4.723198711872E-01  4.785583913326E-01
2019-07-29  5.198294520378E-01  4.545454680920E-01  4.625912308693E-01
2019-07-30  5.565031766891E-01  4.784899055958E-01  4.901960790157E-01
2019-07-31  5.202385783195E-01  4.512730538845E-01  4.753874242306E-01
2019-08-01  4.605879783630E-01  4.036858379841E-01  4.412568211555E-01
2019-08-02  4.195744693279E-01  3.774660229683E-01  4.212203919888E-01
2019-08-05  2.821276485920E-01  2.893467843533E-01  3.482020795345E-01
2019-08-06  3.157446682453E-01  3.125821948051E-01  3.688040077686E-01
2019-08-07  3.251063823700E-01  3.130206167698E-01  3.593820929527E-01
2019-08-08  3.755848705769E-01  3.502849638462E-01  3.989095985889E-01
2019-08-09  3.453849554062E-01  3.260298073292E-01  3.796548545361E-01
2019-08-12  3.266695141792E-01  3.098159432411E-01  3.633060753345E-01
2019-08-13  3.581454753876E-01  3.375656604767E-01  3.849296271801E-01
2019-08-14  2.641429305077E-01  2.700218856335E-01  3.230490088463E-01
2019-08-15  2.528686821461E-01  2.652078866959E-01  3.180580735207E-01
2019-08-16  3.200170099735E-01  3.070866167545E-01  3.552631437778E-01
2019-08-19  3.466440141201E-01  3.295454680920E-01  3.695652186871E-01
2019-08-20  3.283772170544E-01  3.097422420979E-01  3.528079688549E-01
2019-08-21  3.712346255779E-01  3.328964710236E-01  3.716613948345E-01
2019-08-22  3.500212132931E-01  3.165938854218E-01  3.612494468689E-01
2019-08-23  2.537123560905E-01  2.552356123924E-01  3.069262206554E-01
2019-08-26  2.838353812695E-01  2.923747301102E-01  3.321267068386E-01
2019-08-27  2.456512451172E-01  2.621951103210E-01  3.063348531723E-01
2019-08-28  2.748091518879E-01  2.831010520458E-01  3.242876529694E-01
2019-08-29  3.224714398384E-01  3.053135871887E-01  3.505201339722E-01
2019-08-30  3.236040472984E-01  3.105400800705E-01  3.506552278996E-01
2019-09-03  2.857142984867E-01  2.842838466167E-01  3.181202113628E-01
2019-09-04  3.060016930103E-01  2.960382997990E-01  3.328816592693E-01
2019-09-05  3.768483400345E-01  3.465389609337E-01  3.729119598866E-01
2019-09-06  3.681990802288E-01  3.436276614666E-01  3.683972954750E-01
2019-09-09  4.117151200771E-01  3.892267644405E-01  4.020758271217E-01
2019-09-10  4.850400388241E-01  4.266493022442E-01  4.273465573788E-01
2019-09-11  5.606571435928E-01  4.841648638248E-01  4.675090312958E-01
2019-09-12  5.669755935669E-01  4.984815716743E-01  4.787906110287E-01
2019-09-13  5.785263180733E-01  5.067186951637E-01  4.939107000828E-01
2019-09-16  6.001683473587E-01  5.173310041428E-01  4.961659908295E-01
2019-09-17  5.835086107254E-01  5.077989697456E-01  4.826341867447E-01
2019-09-18  5.679427981377E-01  5.025996565819E-01  4.722598195076E-01
2019-09-19  5.645772218704E-01  4.969670772552E-01  4.695808887482E-01
2019-09-20  5.742532610893E-01  5.004329085350E-01  4.812978804111E-01
2019-09-23  5.624737143517E-01  4.885430037975E-01  4.700315594673E-01
2019-09-24  4.880101084709E-01  4.345572292805E-01  4.346846938133E-01
2019-09-25  5.138772130013E-01  4.583153426647E-01  4.486948549747E-01
2019-09-26  4.603441059589E-01  4.203711748123E-01  4.228520095348E-01
2019-09-27  4.394130110741E-01  4.074234068394E-01  4.028776884079E-01
2019-09-30  4.457023143768E-01  4.123977720737E-01  4.078237414360E-01
2019-10-01  3.605870008469E-01  3.568357825279E-01  3.646160662174E-01
2019-10-02  3.002096414566E-01  3.198624253273E-01  3.444095253944E-01
2019-10-03  3.235663473606E-01  3.339063227177E-01  3.488998711109E-01
2019-10-04  3.769874572754E-01  3.593817055225E-01  3.641670346260E-01
2019-10-07  3.728033602238E-01  3.533705472946E-01  3.596766889095E-01
2019-10-08  2.991631925106E-01  3.017167448997E-01  3.254039585590E-01
2019-10-09  3.301255106926E-01  3.188841342926E-01  3.343805968761E-01
2019-10-10  3.474080264568E-01  3.316173255444E-01  3.364737629890E-01
2019-10-11  4.203928112984E-01  3.807890117168E-01  3.719156682491E-01
2019-10-14  4.072681665421E-01  3.785867094994E-01  3.669807016850E-01
2019-10-15  4.605427980423E-01  4.047109186649E-01  3.968609869480E-01
2019-10-16  4.722338318825E-01  4.167023599148E-01  3.967756330967E-01
2019-10-17  4.966610968113E-01  4.306506812572E-01  4.061800241470E-01
2019-10-18  4.737061858177E-01  4.176294505596E-01  3.974932730198E-01
2019-10-21  5.133556127548E-01  4.505776762962E-01  4.185317754745E-01
2019-10-22  5.020868182182E-01  4.471544623375E-01  4.140554964542E-01
2019-10-23  4.993742108345E-01  4.437312781811E-01  4.147650897503E-01
2019-10-24  4.879166781902E-01  4.305258691311E-01  4.090299606323E-01
2019-10-25  5.054166913033E-01  4.467721283436E-01  4.148412942886E-01
2019-10-28  5.358333587646E-01  4.719965755939E-01  4.371926784515E-01
2019-10-29  5.299999713898E-01  4.747863113880E-01  4.365504980087E-01
2019-10-30  5.370833277702E-01  4.717948734760E-01  4.347631931305E-01
2019-10-31  5.074999928474E-01  4.583866894245E-01  4.191242158413E-01
2019-11-01  5.762500166893E-01  4.985061883926E-01  4.544236063957E-01
2019-11-04  5.801749229431E-01  5.121638774872E-01  4.584450423717E-01
2019-11-05  5.868388414383E-01  5.151515007019E-01  4.685127437115E-01
2019-11-06  5.610162615776E-01  4.967989623547E-01  4.513392746449E-01
2019-11-07  5.472719669342E-01  4.927474260330E-01  4.582775533199E-01
2019-11-08  5.481049418449E-01  5.019156932831E-01  4.614011645317E-01
2019-11-11  5.410245656967E-01  5.063830018044E-01  4.701159596443E-01
2019-11-12  5.381091237068E-01  4.953191578388E-01  4.600980877876E-01
2019-11-13  5.337219238281E-01  4.993619620800E-01  4.592064321041E-01
2019-11-14  5.108243227005E-01  4.936224520206E-01  4.525189399719E-01
2019-11-15  5.333055853844E-01  5.025466680527E-01  4.639037549496E-01
2019-11-18  5.149875283241E-01  4.983036518097E-01  4.614699184895E-01
2019-11-19  5.374687910080E-01  5.161153674126E-01  4.699331820011E-01
2019-11-20  5.278702378273E-01  5.108096599579E-01  4.639358818531E-01
2019-11-21  5.151640772820E-01  5.023314952850E-01  4.537366628647E-01
2019-11-22  5.373753905296E-01  5.146248340607E-01  4.675267040730E-01
2019-11-25  5.955149531364E-01  5.565917491913E-01  4.953312575817E-01
2019-11-26  5.960979461670E-01  5.506570339203E-01  4.873276948929E-01
2019-11-27  6.120331883430E-01  5.686440467834E-01  4.964475929737E-01
2019-11-29  6.082987785339E-01  5.662854909897E-01  4.911189973354E-01
2019-12-02  5.839900374413E-01  5.518847703934E-01  4.818101227283E-01
2019-12-03  5.512235760689E-01  5.379076600075E-01  4.685283601284E-01
2019-12-04  5.808457732201E-01  5.523083209991E-01  4.862588644028E-01
2019-12-05  5.774647593498E-01  5.406435132027E-01  4.809734523296E-01
2019-12-06  6.048052906990E-01  5.696790814400E-01  5.013274550438E-01
2019-12-09  5.940347909927E-01  5.635288953781E-01  5.006628632545E-01
2019-12-10  6.041407585144E-01  5.685364603996E-01  5.083922147751E-01
2019-12-11  6.078674793243E-01  5.765500068665E-01  5.125827789307E-01
2019-12-12  6.254650950432E-01  5.938422679901E-01  5.205298066139E-01
2019-12-13  6.225712895393E-01  5.922493934631E-01  5.289183259010E-01
2019-12-16  6.399338841438E-01  6.046316027641E-01  5.412803292274E-01
2019-12-17  6.395204663277E-01  6.042105555534E-01  5.381898283958E-01
2019-12-18  6.409090757370E-01  6.088421344757E-01  5.370697379112E-01
2019-12-19  6.485148668289E-01  6.248421072960E-01  5.474194884300E-01
2019-12-20  6.560824513435E-01  6.281026601791E-01  5.509483814240E-01
2019-12-23  6.545754075050E-01  6.281026601791E-01  5.505073070526E-01
2019-12-24  6.559538245201E-01  6.356751918793E-01  5.557514429092E-01
2019-12-26  6.501854062080E-01  6.391925811768E-01  5.517849326134E-01
2019-12-27  6.367380619049E-01  6.275746226311E-01  5.438519120216E-01
2019-12-30  6.312757134438E-01  6.193277239799E-01  5.405286550522E-01
2019-12-31  6.485596895218E-01  6.394957900047E-01  5.480176210403E-01
2020-01-02  6.580246686935E-01  6.411764621735E-01  5.583443641663E-01
2020-01-03  6.311677694321E-01  6.315125823021E-01  5.486570000648E-01
2020-01-06  6.288532614708E-01  6.397984623909E-01  5.569731593132E-01
2020-01-07  6.145961284637E-01  6.343815326691E-01  5.496921539307E-01
2020-01-08  6.297662854195E-01  6.364780068398E-01  5.562884807587E-01
2020-01-09  6.359163522720E-01  6.427673101425E-01  5.619508028030E-01
2020-01-10  6.109061241150E-01  6.377358436584E-01  5.577514171600E-01
2020-01-13  6.339066624641E-01  6.582809090614E-01  5.693590641022E-01
2020-01-14  6.346153616905E-01  6.582809090614E-01  5.728709101677E-01
2020-01-15  6.411620378494E-01  6.607966423035E-01  5.842844843864E-01
2020-01-16  6.993864774704E-01  6.985325217247E-01  6.007887721062E-01
2020-01-17  6.883435845375E-01  6.880503296852E-01  5.979877710342E-01
2020-01-21  6.511437892914E-01  6.714165806770E-01  5.937910079956E-01
2020-01-22  6.348429322243E-01  6.524288058281E-01  5.841714143753E-01
2020-01-23  6.247960925102E-01  6.507537961006E-01  5.769230723381E-01
2020-01-24  5.662454366684E-01  6.023440957069E-01  5.565749406815E-01
2020-01-27  5.030574798584E-01  5.573222041130E-01  5.255570411682E-01
2020-01-28  5.309698581696E-01  5.767461061478E-01  5.369156599045E-01
